1
 -0.10408
0.0274585
-0.203221
0.99222452 0.00741540 0.12423971
-0.00894533 0.99989082 0.01176098
-0.12413893 -0.01278090 0.99218253
0.03323953
2
-0.108544
0.0176493
-0.205464
0.99200112 0.00717095 0.12602524
-0.00936954 0.99981393 0.01686147
-0.12588088 -0.01790739 0.99188373
0.03404083
3
  -0.119928
-0.00208981
  -0.207665
0.99106392 -0.00001334 0.13338778
-0.00417290 0.99950743 0.03110439
-0.13332249 -0.03138305 0.99057570
0.03756684
4
 -0.123399
-0.0155771
 -0.207222
0.99080806 0.00123720 0.13526955
-0.00679303 0.99915164 0.04061845
-0.13510453 -0.04116398 0.98997590
0.04187254
5
-0.119545
-0.018507
-0.207239
0.99159899 0.00332775 0.12930727
-0.00854569 0.99917036 0.03981923
-0.12906749 -0.04058973 0.99080475
0.03360906
6
 -0.118366
-0.0245361
 -0.208331
0.99177290 0.00183407 0.12799670
-0.00763993 0.99896303 0.04488324
-0.12778165 -0.04549186 0.99075847
0.04000363
7
 -0.121687
-0.0267062
 -0.208682
0.99093462 -0.00155905 0.13433597
-0.00447778 0.99899380 0.04462445
-0.13427037 -0.04482144 0.98993056
0.03865645
8
-0.118123
-0.029338
 -0.20925
0.99193317 0.00164146 0.12675132
-0.00754560 0.99890767 0.04611437
-0.12653717 -0.04669879 0.99086203
0.03842138
9
 -0.118911
-0.0484973
 -0.209171
0.99147137 -0.00348299 0.13027811
-0.00751503 0.99645151 0.08383270
-0.13010781 -0.08409677 0.98792697
0.08232712
10
 -0.116682
-0.0419521
 -0.209024
0.99211460 -0.00007905 0.12533401
-0.00628845 0.99870892 0.05040779
-0.12517618 -0.05079846 0.99083321
0.03913024
11
 -0.113791
-0.0419805
 -0.208993
0.99279744 0.00019291 0.11980486
-0.00591122 0.99885960 0.04737671
-0.11965909 -0.04774367 0.99166640
0.03891578
12
 -0.113595
-0.0389492
 -0.208993
0.99231687 0.00130336 0.12371553
-0.00596092 0.99928691 0.03728465
-0.12357872 -0.03773564 0.99161702
0.03622634
13
 -0.116369
-0.0441905
 -0.208917
0.99095418 -0.00277624 0.13417190
-0.00486890 0.99838401 0.05661854
-0.13411226 -0.05675965 0.98933930
0.04268981
14
 -0.117199
-0.0483617
 -0.209396
0.99092638 -0.00259156 0.13438075
-0.00622891 0.99785435 0.06517596
-0.13426132 -0.06542162 0.98878406
0.05011304
15
 -0.117877
-0.0424647
 -0.208715
0.99088839 0.00251395 0.13466211
-0.00732564 0.99935175 0.03524799
-0.13448621 -0.03591331 0.99026446
0.04223487
16
 -0.117003
-0.0407424
 -0.208973
0.99165157 -0.00108546 0.12894176
-0.00331669 0.99941901 0.03392100
-0.12890366 -0.03406547 0.99107184
0.04182182
17
 -0.115137
-0.0415424
 -0.209266
0.99254932 0.00090456 0.12184022
-0.00607434 0.99909637 0.04206600
-0.12169207 -0.04249267 0.99165791
0.03660378
18
 -0.113431
-0.0410115
 -0.209226
0.99294460 0.00260965 0.11855044
-0.00753705 0.99912519 0.04113446
-0.11833938 -0.04173776 0.99209564
0.04166153
19
 -0.112922
-0.0418405
 -0.209407
0.99266050 0.00069743 0.12093243
-0.00639700 0.99888621 0.04674841
-0.12076514 -0.04717891 0.99155934
0.03626214
20
 -0.113294
-0.0391537
 -0.209186
0.99206828 0.00034816 0.12569964
-0.00453135 0.99944525 0.03299486
-0.12561842 -0.03330274 0.99151951
0.04076008
21
 -0.112097
-0.0429929
 -0.209482
0.99260087 0.00100113 0.12141870
-0.00799682 0.99833400 0.05714264
-0.12115921 -0.05769080 0.99095520
0.06465132
22
-0.111268
-0.042169
-0.209404
0.99272831 0.00161340 0.12036570
-0.00733912 0.99886127 0.04714124
-0.12015258 -0.04768182 0.99160970
0.03852142
23
 -0.111262
-0.0422994
 -0.209628
0.99230112 0.00317129 0.12380807
-0.00900592 0.99887326 0.04659519
-0.12352080 -0.04735147 0.99121161
0.03672844
24
 -0.111414
-0.0410884
 -0.209548
0.99200183 0.00555164 0.12610132
-0.01045256 0.99921405 0.03823651
-0.12578993 -0.03924877 0.99128020
0.03542873
25
 -0.110565
-0.0403425
 -0.209541
0.99258169 0.00206771 0.12156197
-0.00662026 0.99929117 0.03705848
-0.12139917 -0.03758834 0.99189181
0.03963694
26
 -0.111044
-0.0380145
 -0.209399
0.99190938 0.00243344 0.12692463
-0.00580231 0.99964042 0.02617929
-0.12681528 -0.02670394 0.99156683
0.05000927
27
 -0.112376
-0.0366904
 -0.209303
0.99079385 0.00113705 0.13537446
-0.00472148 0.99964662 0.02615979
-0.13529688 -0.02655813 0.99044910
0.05175259
28
 -0.111477
-0.0392167
 -0.209369
0.99205238 0.00019237 0.12582543
-0.00665117 0.99868093 0.05091336
-0.12564967 -0.05134560 0.99074507
0.03655101
29
 -0.111102
-0.0384583
 -0.209332
0.99229134 -0.00179726 0.12391395
-0.00347696 0.99909746 0.04233420
-0.12387820 -0.04243871 0.99138950
0.03388869
30
 -0.111467
-0.0367898
  -0.20923
0.99175187 -0.00195140 0.12815783
-0.00207057 0.99950970 0.03124225
-0.12815596 -0.03124992 0.99126157
0.04242149
31
 -0.112057
-0.0380888
 -0.209198
0.99130251 -0.00279743 0.13157318
-0.00333430 0.99891924 0.04635983
-0.13156067 -0.04639532 0.99022183
0.03599261
32
 -0.112616
-0.0360171
 -0.209074
0.99102945 0.00326498 0.13360378
-0.00716111 0.99956266 0.02869168
-0.13345167 -0.02939105 0.99061941
0.04588037
33
 -0.113018
-0.0337636
  -0.20905
0.99109253 0.00229002 0.13315540
-0.00475751 0.99982276 0.01821570
-0.13309008 -0.01868693 0.99092776
0.06577903
34
 -0.112716
-0.0350219
 -0.209124
0.99178857 -0.00093671 0.12788493
-0.00420716 0.99919296 0.03994657
-0.12781914 -0.04015658 0.99098422
0.03289037
35
 -0.113209
-0.0354635
 -0.209156
0.99132129 -0.00405341 0.13139893
-0.00186518 0.99899026 0.04488853
-0.13144820 -0.04474404 0.99031275
0.03570956
36
  -0.11325
-0.0369054
 -0.209321
0.99155736 0.00073139 0.12966678
-0.00792031 0.99845855 0.05493450
-0.12942672 -0.05549771 0.99003471
0.04782892
37
 -0.112455
-0.0367479
 -0.209318
0.99256320 -0.00170417 0.12171850
-0.00417180 0.99883844 0.04800391
-0.12165892 -0.04815470 0.99140316
0.03642902
38
 -0.111968
-0.0371274
 -0.209361
0.99274201 0.00061664 0.12026193
-0.00653019 0.99878799 0.04878431
-0.12008608 -0.04921556 0.99154282
0.03997513
39
 -0.111896
-0.0392341
 -0.209429
0.99243565 0.00187729 0.12275159
-0.00985025 0.99787701 0.06437739
-0.12237014 -0.06509955 0.99034721
0.05847108
40
-0.111009
-0.040721
-0.209399
0.99312635 0.00258050 0.11701881
-0.01055456 0.99765836 0.06757507
-0.11657042 -0.06834567 0.99082804
0.06568129
41
 -0.110965
-0.0417233
 -0.209496
0.99261806 -0.00121361 0.12127621
-0.00685518 0.99778992 0.06609298
-0.12108839 -0.06643645 0.99041597
0.05745795
42
 -0.110105
-0.0425577
 -0.209538
0.99328282 -0.00166003 0.11569993
-0.00580944 0.99792066 0.06419191
-0.11556591 -0.06443287 0.99120781
0.05671559
43
 -0.110515
-0.0427647
 -0.209459
0.99202410 0.00636605 0.12588746
-0.01351796 0.99833703 0.05603954
-0.12532136 -0.05729432 0.99046046
0.04109717
44
 -0.110411
-0.0422646
 -0.209416
0.99213836 0.00351506 0.12509643
-0.00922889 0.99893871 0.04512520
-0.12480505 -0.04592494 0.99111785
0.03450061
45
 -0.110927
-0.0409949
  -0.20956
0.99149134 0.00559814 0.13005223
-0.00988050 0.99942918 0.03230620
-0.12979714 -0.03331630 0.99098069
0.05947546
46
 -0.111071
-0.0427958
 -0.209612
0.99150967 0.00366138 0.12998145
-0.01124332 0.99827382 0.05764514
-0.12954602 -0.05861713 0.98983931
0.04416353
47
 -0.110849
-0.0425158
 -0.209514
0.99198429 0.00282901 0.12632959
-0.00890288 0.99882962 0.04754090
-0.12604724 -0.04828452 0.99084847
0.03567111
48
 -0.111446
-0.0413947
 -0.209413
0.99101384 0.00352439 0.13371294
-0.00806167 0.99940932 0.03340679
-0.13351622 -0.03418454 0.99045688
0.04181740
49
 -0.111283
-0.0427372
  -0.20939
0.99173060 0.00151963 0.12832815
-0.00860419 0.99846739 0.05467023
-0.12804839 -0.05532230 0.99022374
0.03885404
50
 -0.110984
-0.0430399
 -0.209441
0.99220130 0.00400751 0.12458140
-0.01066877 0.99854557 0.05284804
-0.12418841 -0.05376502 0.99080097
0.04011257
51
 -0.109652
-0.0430421
 -0.209464
0.99386409 0.00874313 0.11026211
-0.01420007 0.99870748 0.04880293
-0.10969290 -0.05006921 0.99270365
0.05101789
52
 -0.108985
-0.0433886
 -0.209421
0.99384436 0.00711882 0.11055637
-0.01277351 0.99864117 0.05052384
-0.11004647 -0.05162502 0.99258482
0.04948755
53
 -0.109008
-0.0425254
 -0.209448
0.99292818 0.00178795 0.11870312
-0.00626512 0.99928242 0.03735499
-0.11855116 -0.03783451 0.99222688
0.04031261
54
 -0.108636
-0.0424048
 -0.209457
0.99301952 0.00208166 0.11793175
-0.00683097 0.99918105 0.03988180
-0.11775215 -0.04040899 0.99222051
0.03994359
55
 -0.108324
-0.0415544
 -0.209476
0.99296703 0.00411026 0.11831983
-0.00788675 0.99947367 0.03146720
-0.11812822 -0.03217905 0.99247682
0.04599188
56
 -0.108212
-0.0421221
 -0.209589
0.99272303 0.00175662 0.12040719
-0.00730300 0.99893136 0.04563773
-0.12019835 -0.04618496 0.99167500
0.03776684
57
 -0.108215
-0.0426407
  -0.20961
0.99238622 0.00461127 0.12307855
-0.01107996 0.99858953 0.05192485
-0.12266551 -0.05289321 0.99103758
0.03583327
58
 -0.108137
-0.0424101
 -0.209638
0.99235286 0.00393501 0.12337068
-0.00962469 0.99891540 0.04555653
-0.12305761 -0.04639555 0.99131442
0.03856601
59
 -0.108408
-0.0429864
 -0.209662
0.99171516 0.00318132 0.12841702
-0.01003978 0.99855486 0.05279580
-0.12806348 -0.05364767 0.99031393
0.03968763
60
 -0.108029
-0.0422049
 -0.209589
0.99248729 0.00562360 0.12221848
-0.01026687 0.99924782 0.03739510
-0.12191626 -0.03836896 0.99179849
0.03752360
61
 -0.108274
-0.0422521
 -0.209641
0.99194035 -0.00118845 0.12670017
-0.00420809 0.99909538 0.04231683
-0.12663585 -0.04250894 0.99103802
0.03758562
62
 -0.108115
-0.0418585
 -0.209637
0.99220526 0.00388177 0.12455380
-0.00857443 0.99927247 0.03716184
-0.12431893 -0.03794015 0.99151669
0.03675078
63
 -0.108092
-0.0412386
 -0.209608
0.99221557 0.00036905 0.12453160
-0.00438989 0.99947775 0.03201486
-0.12445474 -0.03231232 0.99169901
0.04268151
64
 -0.107433
-0.0414801
 -0.209694
0.99324668 0.00509840 0.11590965
-0.00994117 0.99909978 0.04124091
-0.11559504 -0.04211467 0.99240321
0.04454303
65
 -0.107488
-0.0425875
 -0.209646
0.99259111 0.00338632 0.12145547
-0.01074238 0.99814283 0.05996240
-0.12102685 -0.06082286 0.99078407
0.04634525
66
 -0.107577
-0.0417535
 -0.209595
0.99225591 0.00029444 0.12420996
-0.00524949 0.99920313 0.03956706
-0.12409933 -0.03991269 0.99146676
0.03739155
67
 -0.108122
-0.0409511
 -0.209489
0.99114591 -0.00291721 0.13274515
-0.00102506 0.99956071 0.02962003
-0.13277325 -0.02949384 0.99070751
0.05013710
68
 -0.108729
-0.0411444
 -0.209414
0.99034918 0.00120128 0.13858955
-0.00678500 0.99918367 0.03982418
-0.13842858 -0.04038017 0.98954887
0.04711148
69
 -0.108607
-0.0419339
 -0.209464
0.99150793 0.00294004 0.13001301
-0.01009164 0.99846919 0.05438228
-0.12965410 -0.05523250 0.99001979
0.04207222
70
 -0.108441
-0.0417555
 -0.209469
0.99211214 0.00156539 0.12534372
-0.00750532 0.99886994 0.04693096
-0.12512861 -0.04750152 0.99100274
0.03505212
71
 -0.108014
-0.0417234
 -0.209448
0.99295919 0.00382999 0.11839498
-0.00922307 0.99894273 0.04503731
-0.11809732 -0.04581218 0.99194469
0.03617929
72
 -0.108469
-0.0408326
 -0.209515
0.99169590 0.00884453 0.12830049
-0.01282454 0.99946075 0.03022813
-0.12796395 -0.03162250 0.99127456
0.06220832
73
 -0.108218
-0.0407522
 -0.209504
0.99232769 0.00665510 0.12345632
-0.01112542 0.99930576 0.03555579
-0.12313399 -0.03665650 0.99171282
0.03745319
74
 -0.107935
-0.0410491
 -0.209511
0.99284371 0.01177954 0.11883855
-0.01728409 0.99881955 0.04539576
-0.11816352 -0.04712491 0.99187531
0.04565951
75
  -0.10787
-0.0410564
 -0.209511
0.99264546 0.00459503 0.12097059
-0.01017174 0.99891152 0.04552270
-0.12062974 -0.04641838 0.99161172
0.03408220
76
 -0.108237
-0.0405646
 -0.209478
0.99155574 0.00310087 0.12964415
-0.00784635 0.99931705 0.03610910
-0.12944364 -0.03682142 0.99090288
0.04245408
77
 -0.108279
-0.0398424
 -0.209592
0.99181925 0.00965856 0.12728426
-0.01323845 0.99953937 0.02730926
-0.12696186 -0.02877089 0.99149025
0.06665461
78
  -0.10832
-0.0402301
 -0.209661
0.99185358 0.00815218 0.12712204
-0.01366009 0.99900238 0.04251634
-0.12664862 -0.04390648 0.99097545
0.03862090
79
-0.108347
-0.040376
-0.209688
0.99192736 0.00614958 0.12665822
-0.01213305 0.99884349 0.04652391
-0.12622564 -0.04768509 0.99085479
0.03554361
80
 -0.108571
-0.0401822
  -0.20971
0.99152186 -0.00004342 0.12993998
-0.00542250 0.99911501 0.04171086
-0.12982680 -0.04206183 0.99064414
0.03716726
81
 -0.108664
-0.0394931
  -0.20966
0.99152575 0.00252385 0.12988576
-0.00648759 0.99952575 0.03010305
-0.12974819 -0.03069060 0.99107189
0.04576010
82
 -0.108921
-0.0386596
 -0.209593
0.99104136 0.00631349 0.13340602
-0.00912261 0.99974913 0.02045617
-0.13324341 -0.02148992 0.99085033
0.06421132
83
 -0.108977
-0.0381456
 -0.209615
0.99142584 0.00336246 0.13062733
-0.00635345 0.99972694 0.02248711
-0.13051605 -0.02312423 0.99117649
0.05730807
84
 -0.109283
-0.0384934
 -0.209657
0.99099740 -0.00296634 0.13384823
-0.00242131 0.99919389 0.04007127
-0.13385920 -0.04003461 0.99019137
0.03913404
85
 -0.109165
-0.0392928
 -0.209687
0.99183088 -0.00443372 0.12748277
-0.00301883 0.99829999 0.05820671
-0.12752412 -0.05811606 0.99013137
0.04525234
86
 -0.108954
-0.0387743
 -0.209691
0.99252753 -0.00463157 0.12193300
-0.00030607 0.99918173 0.04044480
-0.12202055 -0.04017990 0.99171395
0.03699537
87
 -0.109144
-0.0384545
 -0.209655
0.99183884 -0.00410690 0.12743174
-0.00040958 0.99937328 0.03539591
-0.12749725 -0.03515923 0.99121556
0.03709900
88
  -0.10924
-0.0380795
 -0.209632
0.99168176 -0.00222791 0.12869469
-0.00186123 0.99949744 0.03164497
-0.12870051 -0.03162127 0.99117923
0.04293117
89
 -0.109873
-0.0382507
 -0.209607
0.99011257 -0.00154203 0.14026660
-0.00428187 0.99914138 0.04120895
-0.14020971 -0.04140210 0.98925583
0.04582233
90
 -0.109809
-0.0380756
 -0.209611
0.99122173 0.00143990 0.13220214
-0.00659320 0.99923488 0.03855101
-0.13204548 -0.03908423 0.99047282
0.03746686
91
  -0.10981
-0.0385437
 -0.209624
0.99163351 0.00012225 0.12908513
-0.00674563 0.99868229 0.05087421
-0.12890881 -0.05131933 0.99032765
0.03830221
92
 -0.109805
-0.0392852
 -0.209635
0.99181885 0.00294914 0.12761926
-0.01106084 0.99795855 0.06289984
-0.12717323 -0.06379682 0.98982672
0.05613396
93
 -0.109663
-0.0393161
 -0.209608
0.99218576 0.00895373 0.12444776
-0.01564719 0.99847656 0.05291241
-0.12378441 -0.05444619 0.99081433
0.04127462
94
 -0.109681
-0.0394723
 -0.209626
0.99203220 0.00508742 0.12588178
-0.01174307 0.99856829 0.05218683
-0.12543606 -0.05324926 0.99067165
0.03813123
95
 -0.109342
-0.0395779
 -0.209592
0.99290664 0.00606131 0.11874199
-0.01208872 0.99867073 0.05010621
-0.11828045 -0.05118623 0.99166008
0.04046971
96
 -0.109607
-0.0400598
 -0.209539
0.99173923 0.00157315 0.12826075
-0.00900621 0.99831102 0.05739342
-0.12795383 -0.05807445 0.99007837
0.04847629
97
-0.109336
-0.040907
-0.209585
0.99263442 0.00531093 0.12103179
-0.01380730 0.99748853 0.06946937
-0.12035887 -0.07062881 0.99021478
0.06987616
98
 -0.109414
-0.0413409
 -0.209595
0.99211767 0.00306026 0.12527237
-0.01152154 0.99769488 0.06687439
-0.12477895 -0.06779059 0.98986598
0.05815695
99
 -0.109206
-0.0417089
 -0.209634
0.99263671 0.00449412 0.12104609
-0.01228299 0.99789495 0.06367728
-0.12050511 -0.06469521 0.99060237
0.05602233
100
 -0.109413
-0.0415952
 -0.209649
0.99170432 0.00137146 0.12853275
-0.00815991 0.99859791 0.05230323
-0.12828081 -0.05291816 0.99032505
0.03708211
