1
-0.0757401
 -0.133127
 0.0158938
0.99267562 0.00720015 0.12059552
-0.01366862 0.99850643 0.05289682
-0.12003454 -0.05415775 0.99129140
0.01303781
2
-0.0753384
 -0.143651
 0.0159628
0.99272229 0.00421632 0.12035234
-0.01132603 0.99822600 0.05845142
-0.11989239 -0.05938914 0.99100895
0.01108088
3
-0.0746829
 -0.117501
 0.0177085
0.99276951 0.00198151 0.12001988
-0.00687474 0.99916116 0.04036979
-0.11983921 -0.04090301 0.99195036
0.01597642
4
-0.0826647
 -0.119283
 0.0170934
0.99191093 -0.00120598 0.12693012
-0.00458553 0.99896175 0.04532543
-0.12685300 -0.04554083 0.99087555
0.01568685
5
-0.0793029
 -0.125887
 0.0172942
0.99257634 -0.00122151 0.12161711
-0.00535816 0.99853952 0.05375978
-0.12150516 -0.05401233 0.99112016
0.01579534
6
-0.0820819
 -0.134194
 0.0170851
0.99211090 -0.00243105 0.12533974
-0.00557122 0.99796917 0.06345463
-0.12523946 -0.06365233 0.99008255
0.02545226
7
-0.083858
-0.138574
0.0169282
0.99188495 -0.00336194 0.12709425
-0.00507596 0.99780613 0.06600875
-0.12703734 -0.06611821 0.98969182
0.02505534
8
-0.0810126
   -0.1367
 0.0170921
0.99274464 -0.00299415 0.12020443
-0.00403033 0.99829959 0.05815222
-0.12017415 -0.05821477 0.99104451
0.01543958
9
-0.0798377
 -0.135795
 0.0171809
0.99279846 0.00081661 0.11979375
-0.00738774 0.99849081 0.05441984
-0.11956852 -0.05491294 0.99130618
0.01198055
10
-0.0793879
  -0.13331
  0.016732
0.99277754 -0.00426021 0.11989413
-0.00167866 0.99877817 0.04938973
-0.11995805 -0.04923427 0.99155739
0.01886515
11
-0.0778842
 -0.134878
 0.0170882
0.99315673 -0.00838744 0.11648761
0.00184286 0.99841912 0.05617700
-0.11677464 -0.05557789 0.99160213
0.01805084
12
-0.0781688
 -0.129882
 0.0177987
0.99279863 -0.00661116 0.11961260
0.00164449 0.99913407 0.04157416
-0.11978388 -0.04107806 0.99194980
0.02692213
13
-0.0797849
 -0.132327
 0.0177657
0.99218111 -0.00860705 0.12450926
0.00181917 0.99851056 0.05452839
-0.12479314 -0.05387554 0.99071898
0.01610808
14
-0.0776134
 -0.131248
 0.0178057
0.99314879 -0.00249745 0.11682999
-0.00337514 0.99874145 0.05004130
-0.11680793 -0.05009278 0.99189043
0.02215037
15
-0.0767303
 -0.131661
 0.0177075
0.99323388 -0.00318968 0.11608740
-0.00301699 0.99857662 0.05325061
-0.11609202 -0.05324054 0.99181051
0.01556600
16
-0.0775257
 -0.129873
 0.0179275
0.99259857 -0.00254181 0.12141506
-0.00312858 0.99891390 0.04648911
-0.12140136 -0.04652488 0.99151255
0.01872018
17
-0.0785444
 -0.126914
 0.0183942
0.99219087 -0.00287150 0.12469578
-0.00183411 0.99929098 0.03760546
-0.12471535 -0.03754050 0.99148212
0.03450694
18
-0.0782573
 -0.127403
 0.0185162
0.99256621 -0.00354863 0.12165413
-0.00210197 0.99892591 0.04628833
-0.12168772 -0.04619994 0.99149264
0.01706287
19
-0.0791187
 -0.126837
 0.0185666
0.99215003 -0.00352091 0.12500369
-0.00225127 0.99893868 0.04600483
-0.12503300 -0.04592511 0.99108912
0.01763962
20
-0.0784326
 -0.126698
 0.0186298
0.99274977 -0.00281848 0.12016632
-0.00297121 0.99884415 0.04797427
-0.12016264 -0.04798348 0.99159393
0.01164711
21
-0.0786711
 -0.127815
 0.0185906
0.99257070 -0.00381457 0.12160940
-0.00287417 0.99849436 0.05477903
-0.12163526 -0.05472159 0.99106529
0.01466405
22
-0.0790264
 -0.128441
 0.0185715
0.99235298 -0.00306183 0.12339445
-0.00391446 0.99840879 0.05625446
-0.12337034 -0.05630730 0.99076195
0.01658099
23
-0.0788506
 -0.126382
 0.0187628
0.99257939 -0.00081279 0.12159565
-0.00447102 0.99905753 0.04317476
-0.12151615 -0.04339804 0.99164028
0.02072655
24
-0.0797595
 -0.127398
 0.0187782
0.99199775 -0.00118819 0.12624993
-0.00539144 0.99864493 0.05176143
-0.12614035 -0.05202790 0.99064712
0.01753814
25
-0.0799902
 -0.126457
 0.0186682
0.99216750 -0.00557889 0.12478997
-0.00024983 0.99891155 0.04664388
-0.12491436 -0.04630972 0.99108618
0.01645830
26
-0.0799277
 -0.128598
 0.0187685
0.99240675 -0.00550012 0.12287629
-0.00203125 0.99813062 0.06108306
-0.12298255 -0.06086883 0.99054040
0.02443594
27
-0.0790721
 -0.127029
 0.0188904
0.99309616 -0.00434804 0.11722249
-0.00117843 0.99889256 0.04703462
-0.11729718 -0.04684804 0.99199125
0.02055386
28
-0.0799015
 -0.126939
 0.0189256
0.99220042 -0.00251606 0.12462743
-0.00350612 0.99883740 0.04807855
-0.12460350 -0.04814052 0.99103807
0.01333709
29
-0.080239
-0.127927
0.0189864
0.99211201 -0.00232167 0.12533303
-0.00469943 0.99843678 0.05569486
-0.12526641 -0.05584454 0.99055021
0.01940353
30
 -0.07974
-0.126889
0.0191259
0.99272604 0.00060190 0.12039374
-0.00621868 0.99890900 0.04628314
-0.12023453 -0.04669517 0.99164672
0.01687980
31
-0.0803723
 -0.127838
   0.01921
0.99212586 -0.00123266 0.12523878
-0.00573811 0.99845419 0.05528389
-0.12511333 -0.05556721 0.99058515
0.02040209
32
-0.0805152
 -0.128113
 0.0191549
0.99215984 -0.00070712 0.12497337
-0.00623992 0.99845648 0.05518802
-0.12481950 -0.05553516 0.99062402
0.01442173
33
-0.0806525
 -0.128966
 0.0191744
0.99222727 -0.00250720 0.12441365
-0.00496319 0.99820412 0.05969849
-0.12433990 -0.05985196 0.99043290
0.02218876
34
-0.0804099
 -0.129056
 0.0191699
0.99259743 -0.00266949 0.12142166
-0.00418043 0.99841502 0.05612458
-0.12137904 -0.05621671 0.99101302
0.01573348
35
-0.0802493
  -0.12799
 0.0191123
0.99271590 -0.00276125 0.12044712
-0.00274556 0.99895921 0.04552981
-0.12044748 -0.04552886 0.99167511
0.01649372
36
-0.0805434
 -0.127543
 0.0191523
0.99232130 -0.00496282 0.12358722
-0.00061622 0.99898394 0.04506341
-0.12368529 -0.04479354 0.99130999
0.01938051
37
-0.0808258
 -0.128163
 0.0191468
0.99209952 -0.00452020 0.12537190
-0.00217605 0.99858029 0.05322277
-0.12543449 -0.05307510 0.99068119
0.01886928
38
-0.0805887
 -0.126968
 0.0191792
0.99248176 -0.00233507 0.12237039
-0.00280492 0.99912146 0.04181445
-0.12236052 -0.04184331 0.99160327
0.02354597
39
-0.0794494
 -0.128808
 0.0192243
0.99367097 -0.00060704 0.11232822
-0.00640921 0.99804995 0.06209036
-0.11214687 -0.06241732 0.99172938
0.03743995
40
-0.0795662
 -0.129095
 0.0193279
0.99300918 -0.00024987 0.11803685
-0.00677860 0.99822672 0.05913946
-0.11784231 -0.05952615 0.99124660
0.02204720
41
-0.0798853
 -0.127525
 0.0193903
0.99240307 -0.00097266 0.12302519
-0.00404851 0.99916900 0.04055758
-0.12296240 -0.04074753 0.99157445
0.02743632
42
-0.0793741
 -0.127571
 0.0193613
0.99305131 -0.00130697 0.11767493
-0.00415836 0.99892417 0.04618680
-0.11760870 -0.04635519 0.99197751
0.01734139
43
-0.0791577
 -0.128808
 0.0193187
0.99304518 -0.00210364 0.11771514
-0.00505846 0.99815473 0.06051080
-0.11762522 -0.06068541 0.99120209
0.02517230
44
-0.0793302
 -0.128823
 0.0192585
0.99260679 -0.00277831 0.12134266
-0.00411223 0.99839422 0.05649849
-0.12130478 -0.05657977 0.99100145
0.01522116
45
-0.0795036
 -0.128152
 0.0191705
0.99237157 -0.00379655 0.12322437
-0.00208498 0.99886591 0.04756630
-0.12326521 -0.04746036 0.99123822
0.01704081
46
-0.0792112
  -0.12745
 0.0191653
0.99277554 -0.00166690 0.11997477
-0.00337724 0.99911913 0.04182775
-0.11993881 -0.04193076 0.99189540
0.02320432
47
-0.0792252
 -0.127472
 0.0191647
0.99263768 0.00146270 0.12111274
-0.00708976 0.99891428 0.04604347
-0.12091390 -0.04656314 0.99157032
0.01601582
48
-0.0790779
 -0.127478
 0.0191243
0.99276600 0.00167951 0.12005352
-0.00759655 0.99877743 0.04884601
-0.11982470 -0.04940465 0.99156504
0.01437253
49
-0.0793536
 -0.127497
 0.0191447
0.99233511 -0.00243929 0.12355190
-0.00383450 0.99871592 0.05051534
-0.12351647 -0.05060191 0.99105153
0.01443186
50
-0.0794211
 -0.126812
  0.019169
0.99235869 -0.00414628 0.12331679
-0.00119075 0.99906686 0.04317389
-0.12338073 -0.04299083 0.99142775
0.02079239
51
-0.0795558
 -0.125988
 0.0191895
0.99222569 -0.00077686 0.12444906
-0.00389979 0.99929535 0.03733077
-0.12439037 -0.03752587 0.99152350
0.03215523
52
-0.0789695
 -0.126462
 0.0192015
0.99323862 -0.00244709 0.11606490
-0.00338097 0.99874398 0.04999031
-0.11604145 -0.05004471 0.99198282
0.01867008
53
-0.0789187
 -0.126668
  0.019142
0.99298285 -0.00275899 0.11822629
-0.00354416 0.99858446 0.05307090
-0.11820536 -0.05311751 0.99156746
0.01573233
54
-0.0788134
 -0.127616
 0.0191519
0.99295998 -0.00468328 0.11835767
-0.00291978 0.99794672 0.06398302
-0.11841430 -0.06387816 0.99090748
0.03172171
55
-0.0786665
 -0.127051
 0.0191409
0.99278691 0.00728892 0.11967050
-0.01318628 0.99873310 0.04856240
-0.11916492 -0.04979013 0.99162526
0.02263048
56
-0.0787391
 -0.126917
 0.0191775
0.99257192 0.00131480 0.12165222
-0.00727439 0.99879389 0.04855762
-0.12144165 -0.04908188 0.99138433
0.01272292
57
-0.078332
-0.126843
0.0192362
0.99327990 -0.00468837 0.11564197
-0.00102574 0.99878333 0.04930320
-0.11573242 -0.04909049 0.99206660
0.01846145
58
-0.0781092
 -0.126176
 0.0192608
0.99330994 -0.00529593 0.11535730
0.00051956 0.99914269 0.04139582
-0.11547764 -0.04105894 0.99246112
0.02715920
59
-0.0784826
 -0.125479
 0.0193935
0.99240440 -0.00553648 0.12289368
0.00102865 0.99932529 0.03671392
-0.12301403 -0.03630864 0.99174051
0.03361053
60
-0.0779997
 -0.125973
 0.0194337
0.99321539 -0.00256352 0.11626095
-0.00334109 0.99871522 0.05056425
-0.11624120 -0.05060963 0.99193077
0.01831082
61
-0.0785465
   -0.1253
 0.0194119
0.99204372 -0.00613746 0.12574416
0.00087532 0.99912308 0.04186063
-0.12589081 -0.04141750 0.99117914
0.02945857
62
-0.0785157
 -0.124236
 0.0194503
0.99242427 -0.00599970 0.12271134
0.00213897 0.99949927 0.03156952
-0.12283930 -0.03106788 0.99194017
0.04497101
63
-0.0779658
 -0.124633
 0.0195192
0.99349254 -0.00357722 0.11384101
-0.00174775 0.99891017 0.04664134
-0.11388379 -0.04653679 0.99240355
0.02474304
64
-0.0778926
 -0.125338
  0.019567
0.99319924 -0.00460493 0.11633601
-0.00225651 0.99826846 0.05877911
-0.11640525 -0.05864189 0.99146909
0.02531682
65
-0.0773693
 -0.125738
 0.0196247
0.99380439 -0.00154475 0.11113254
-0.00518436 0.99817071 0.06023585
-0.11102229 -0.06043880 0.99197843
0.03306539
66
-0.0770132
 -0.125977
 0.0196319
0.99383721 -0.00015088 0.11084933
-0.00638475 0.99826099 0.05860226
-0.11066541 -0.05894885 0.99210796
0.03245637
67
-0.0769719
 -0.125828
 0.0196898
0.99337776 -0.00200797 0.11487640
-0.00404573 0.99861588 0.05244002
-0.11482270 -0.05255750 0.99199469
0.01784255
68
-0.0774582
 -0.125538
 0.0196947
0.99218707 -0.00800569 0.12450194
0.00209942 0.99886912 0.04749822
-0.12474140 -0.04686574 0.99108183
0.01992646
69
-0.0773449
   -0.1257
 0.0197088
0.99264339 -0.00655843 0.12089700
0.00029719 0.99866079 0.05173524
-0.12107440 -0.05131871 0.99131598
0.01365352
70
-0.0773407
  -0.12561
 0.0197136
0.99265646 -0.00341792 0.12091927
-0.00256107 0.99878289 0.04925616
-0.12094045 -0.04920413 0.99143954
0.01065323
71
-0.0771974
 -0.125249
 0.0197334
0.99293177 -0.00184133 0.11867228
-0.00341206 0.99902351 0.04404974
-0.11863751 -0.04414331 0.99195590
0.02063127
72
-0.0773258
 -0.125537
 0.0197374
0.99254362 -0.00243105 0.12186568
-0.00388184 0.99866350 0.05153788
-0.12182810 -0.05162666 0.99120765
0.01173088
73
-0.0772897
 -0.126071
 0.0197212
0.99276297 -0.00777918 0.11983812
0.00048115 0.99814937 0.06080795
-0.12008938 -0.06031022 0.99092947
0.02476285
74
-0.0775015
 -0.126187
 0.0196624
0.99229656 -0.00422936 0.12381300
-0.00292552 0.99833839 0.05754907
-0.12385066 -0.05746797 0.99063537
0.02303064
75
-0.0774713
 -0.126086
  0.019665
0.99251239 -0.00287447 0.12211019
-0.00350342 0.99864178 0.05198381
-0.12209376 -0.05202237 0.99115427
0.01105197
76
-0.077625
-0.126187
0.0196829
0.99231308 -0.00577551 0.12361797
-0.00083057 0.99857706 0.05332134
-0.12375002 -0.05301414 0.99089628
0.01697174
77
-0.0776772
 -0.126153
 0.0196534
0.99239726 -0.00638838 0.12291003
0.00001340 0.99865758 0.05179812
-0.12307594 -0.05140266 0.99106512
0.01146550
78
-0.077564
-0.126111
0.0196303
0.99274709 -0.00257832 0.12019385
-0.00353763 0.99871056 0.05064293
-0.12016944 -0.05070082 0.99145788
0.01161180
79
-0.0781474
 -0.125257
 0.0196018
0.99127849 0.00336046 0.13174090
-0.00793139 0.99938398 0.03418705
-0.13154486 -0.03493377 0.99069449
0.05504625
80
-0.0781398
 -0.124825
 0.0196274
0.99193212 0.00096569 0.12676644
-0.00531639 0.99940814 0.03398674
-0.12665859 -0.03438648 0.99135018
0.03558022
81
-0.0784351
 -0.124289
 0.0196918
0.99162639 -0.00191169 0.12912571
-0.00226784 0.99947845 0.03221316
-0.12911995 -0.03223626 0.99110487
0.04380610
82
-0.0780838
 -0.124109
 0.0196691
0.99276390 0.00562509 0.11995080
-0.01011870 0.99926825 0.03688600
-0.11965554 -0.03783283 0.99209436
0.03495002
83
-0.077946
-0.124855
0.0196575
0.99293718 0.00386271 0.11857839
-0.01069646 0.99831411 0.05704849
-0.11815811 -0.05791394 0.99130451
0.02429276
84
-0.0780187
 -0.125852
 0.0196255
0.99262229 -0.00034878 0.12124709
-0.00850713 0.99733105 0.07251492
-0.12094878 -0.07301140 0.98997006
0.05163452
85
-0.0777598
 -0.126249
 0.0196422
0.99318342 -0.00015892 0.11656184
-0.00792623 0.99759230 0.06889680
-0.11629214 -0.06935105 0.99079088
0.04440569
86
-0.0779937
 -0.126687
   0.01966
0.99240933 -0.00360101 0.12292579
-0.00482932 0.99765903 0.06821386
-0.12288366 -0.06828972 0.99006874
0.04327206
87
-0.0779181
 -0.127706
 0.0196076
0.99279218 -0.00756680 0.11960948
-0.00205345 0.99678445 0.08010333
-0.11983099 -0.07977157 0.98958427
0.06625330
88
-0.0777344
 -0.127812
 0.0195887
0.99318081 -0.00685098 0.11638271
-0.00110716 0.99767262 0.06817714
-0.11657893 -0.06784109 0.99086172
0.03865792
89
-0.0774715
 -0.127952
 0.0195724
0.99351585 -0.00234324 0.11366956
-0.00476623 0.99805027 0.06223304
-0.11359377 -0.06237129 0.99156759
0.03211460
90
-0.0774686
 -0.127741
 0.0195861
0.99306167 -0.00208430 0.11757625
-0.00408511 0.99862797 0.05220620
-0.11752375 -0.05232429 0.99169065
0.01429936
91
-0.0774258
 -0.128726
 0.0195777
0.99303184 -0.00405098 0.11777672
-0.00449215 0.99738145 0.07218083
-0.11776072 -0.07220694 0.99041333
0.04725068
92
-0.0778214
  -0.12925
 0.0195338
0.99190328 -0.00761295 0.12676719
-0.00174265 0.99729167 0.07352747
-0.12698362 -0.07315305 0.98920361
0.05120565
93
-0.0779279
 -0.129258
 0.0195727
0.99201465 -0.00660611 0.12594959
-0.00134969 0.99801408 0.06297685
-0.12611550 -0.06264395 0.99003566
0.02875296
94
-0.0777048
  -0.12908
 0.0195756
0.99289208 -0.00457304 0.11893027
-0.00187261 0.99853762 0.05402877
-0.11900343 -0.05386745 0.99143153
0.01755200
95
-0.0775406
 -0.129368
 0.0195905
0.99320914 -0.00390653 0.11627698
-0.00297069 0.99825869 0.05891318
-0.11630465 -0.05885853 0.99146805
0.02174556
96
-0.0774407
 -0.129597
 0.0196005
0.99326157 -0.00406163 0.11582297
-0.00294776 0.99817699 0.06028279
-0.11585667 -0.06021799 0.99143887
0.02468011
97
-0.0774072
 -0.129391
  0.019636
0.99305499 -0.00203337 0.11763359
-0.00408568 0.99865154 0.05175333
-0.11758020 -0.05187452 0.99170758
0.01418061
98
-0.0776028
 -0.129337
 0.0196526
0.99235899 -0.00372510 0.12332789
-0.00254586 0.99871316 0.05065125
-0.12335786 -0.05057820 0.99107249
0.01478226
99
-0.0776778
 -0.129665
 0.0196821
0.99234815 -0.00394909 0.12340807
-0.00335826 0.99825536 0.05894880
-0.12342556 -0.05891217 0.99060360
0.02041125
100
-0.0776112
 -0.129342
 0.0196587
0.99264781 -0.00040801 0.12103783
-0.00544663 0.99883077 0.04803558
-0.12091591 -0.04834167 0.99148496
0.01685673
